Kumpulan titik :
12 45 -30 83 -99 19 
75 3 92 96 -66 32 
-37 6 40 58 -49 -86 
15 -34 -33 17 -53 -94 
-66 86 94 -97 31 56 
-4 -33 -87 -32 -98 -17 
69 82 -44 30 84 14 
70 -99 12 -43 78 46 
-100 41 -48 -9 -33 -56 
87 75 -4 44 96 77 
54 -33 41 34 -67 21 
0 -87 30 54 33 66 
71 -71 7 -100 -39 -1 
-35 -81 -17 39 12 25 
39 51 15 -8 -36 56 
99 51 17 96 -21 -65 
-18 -10 -72 67 27 15 
-29 -20 -70 59 -81 -2 
-70 9 68 48 24 -75 
68 -75 -77 53 61 -12 
-49 -59 -87 78 -31 -32 
-1 68 69 85 -24 60 
-10 -37 -45 0 -61 -73 
-34 -9 42 9 -60 77 
-7 45 -33 -31 97 91 
54 20 -74 -64 -89 -30 
1 52 11 3 -14 71 
-15 -28 -85 53 -74 -60 
92 -8 -66 -56 -16 -21 
-9 -72 -96 47 12 17 
41 69 -4 54 -11 98 
34 83 -97 85 -16 75 
-59 58 91 78 80 -29 
98 -27 -61 -86 -57 64 
-95 36 -9 35 -55 36 
62 -39 27 8 83 -40 
63 59 -81 67 -89 9 
-26 -83 24 -59 -61 -69 
-17 -40 -8 -41 78 -50 
-11 -32 -44 -28 -67 15 
23 69 25 55 -1 -55 
97 -32 -88 97 -19 -38 
9 -29 -25 -55 -39 41 
-18 74 -16 -10 28 -7 
-63 14 47 -26 -83 -100 
13 -80 42 -56 48 73 
67 96 -68 10 77 -31 
92 95 49 36 2 -62 
11 -51 73 -21 -90 45 
-21 47 2 32 -91 53 
-85 -32 -18 100 -76 77 
23 9 77 -92 56 30 
-95 -37 49 54 -38 -71 
-63 -72 -76 98 -33 -28 
-67 -3 -50 92 -24 -93 
-12 -76 -35 -1 65 -34 
53 66 -4 42 29 -5 
30 -30 48 39 65 7 
-99 -67 -40 -9 -61 55 
89 -33 -53 32 39 84 
30 -60 99 -8 19 -17 
56 -73 -14 97 -29 -90 
-98 22 44 27 11 -48 
88 14 -10 -35 -31 6 
97 -45 -39 -24 20 77 
-63 -68 62 -37 -70 -80 
69 56 -20 -29 88 -43 
72 -7 -35 -39 54 -87 
-8 -39 50 -38 -97 -6 
-58 -15 -33 6 99 42 
-76 77 -86 8 -32 -44 
6 62 -99 61 -41 99 
-27 -40 -64 38 -79 82 
28 18 95 27 41 -89 
70 93 -96 -95 68 -97 
2 8 -59 51 63 -92 
4 89 50 81 11 -48 
80 -15 -81 89 -62 -32 
63 87 32 90 16 -27 
42 36 75 -9 15 -34 
-67 -84 -14 -73 -31 82 
15 1 85 34 19 -37 
81 -1 58 35 25 -51 
-77 53 -63 -72 -40 -97 
64 21 -98 71 -3 -77 
-72 -59 76 -70 -13 41 
-86 28 -22 18 -93 -47 
-35 -42 23 -98 -44 19 
12 53 97 32 1 -52 
-47 23 33 8 -8 17 
10 -45 -57 -7 -17 -5 
59 76 6 46 79 -25 
-63 2 19 -25 88 -90 
-81 74 31 -67 -82 14 
24 -77 -77 -91 -11 47 
96 66 5 -16 100 99 
33 82 66 3 -69 -75 
22 50 -72 49 -9 -24 
75 93 -29 -90 88 -84 
51 37 -28 -68 49 3 
14 40 43 -98 -34 11 
-50 -83 -55 -79 -69 90 
33 -99 -100 100 82 68 
-88 -57 -68 -90 -70 -39 
-69 -17 19 -39 -73 37 
30 -45 63 21 -1 -58 
-64 32 -94 -53 -45 -68 
100 -66 -89 -2 -74 75 
8 -58 76 -59 -97 -61 
-81 33 -89 18 7 -13 
47 -51 78 31 89 -53 
-60 64 16 -17 -30 -67 
-36 -90 -43 -93 -41 83 
99 38 -74 -62 -47 86 
-85 47 -89 -39 -86 -84 
-95 -38 68 -56 -66 15 
82 -19 -75 2 -61 -30 
-14 10 -99 -9 -23 -23 
53 -99 -50 60 13 77 
83 -52 36 86 -41 -64 
-99 94 -70 -73 -44 46 
88 78 92 -74 65 -71 
97 6 -65 23 -20 24 
-17 66 30 32 -99 -1 
43 -21 -63 -95 21 90 
-20 75 -100 -65 73 -4 
90 -71 84 30 -54 50 
24 80 26 -40 63 -65 
-58 11 -81 -1 -63 -97 
74 73 13 -21 -49 -5 
36 51 74 -51 -36 64 
-92 -84 -36 98 -80 97 
-32 -4 -77 75 11 15 
22 -9 -16 70 1 -43 
-46 0 -47 24 -93 91 
91 -73 60 -25 21 68 
-42 5 70 100 26 49 
11 56 -96 52 -18 13 
82 -39 -48 39 -24 -53 
-24 19 -96 6 -66 -23 
-75 -5 -16 80 69 -23 
-47 62 55 51 66 -17 
2 -29 1 41 96 78 
-24 39 -60 46 26 -51 
80 -61 12 20 -12 -43 
8 -45 30 50 17 -79 
-70 66 -83 -14 -46 -72 
-19 68 32 46 28 -52 
-46 -69 26 -56 -82 50 
-94 -48 -5 -32 58 -60 
43 -58 -75 14 -23 1 
-97 -70 0 -51 48 98 
-27 -99 -99 -49 17 84 
87 72 69 100 73 47 
-94 -74 86 98 98 2 
-33 -3 81 -16 -81 -70 
-5 88 18 -47 22 21 
-75 -87 -8 -43 36 -34 
-40 -15 -17 45 -55 36 
99 35 -54 -84 95 42 
22 71 42 -92 -100 9 
65 -1 37 40 68 -62 
-56 27 32 94 4 -82 
13 41 48 -34 -28 -26 
77 29 55 -64 -17 -3 
64 23 52 40 -58 26 
-26 55 -47 -25 -26 -78 
-57 64 23 -47 -6 36 
74 -38 -44 -81 -61 -63 
29 28 21 -34 67 64 
-31 98 83 -12 -78 -52 
79 75 65 -32 -42 41 
-17 72 97 -49 -85 -97 
78 15 27 -55 7 -73 
-35 33 -63 80 59 59 
2 62 73 49 65 76 
-53 94 19 -66 -53 -62 
-12 -34 -63 0 -85 35 
9 -99 -49 67 52 -78 
-91 -28 3 93 15 -62 
-46 16 -80 17 -33 -84 
92 56 -1 -45 -7 -53 
-82 -1 4 -18 78 -85 
43 -13 -12 -51 -21 -27 
3 77 -35 92 -81 -78 
56 32 70 42 -12 62 
-24 42 23 -63 37 -92 
-15 -48 -6 -24 -4 94 
-61 80 -4 51 -21 97 
-6 55 12 19 -65 94 
38 46 -57 -30 -26 33 
84 27 2 98 34 -94 
-13 79 49 11 -5 -75 
27 -79 -94 -4 61 63 
0 92 99 -9 -40 15 
69 -16 20 92 17 94 
40 4 54 30 48 33 
20 -37 61 92 76 -29 
26 -73 11 -71 77 90 
30 -99 100 -78 37 -74 
85 -7 22 93 -48 30 
37 -33 69 -78 -21 -87 
-70 35 77 -45 -88 -41 
88 -74 18 90 22 -85 
11 23 -64 -77 36 10 
-2 90 80 -71 -99 69 
46 -27 44 -66 -36 73 
92 55 97 -42 41 -7 
75 -57 94 -32 -47 28 
-62 -63 -23 -46 -53 -37 
89 -79 31 82 10 -14 
14 -26 -32 -88 -2 -35 
52 20 -46 -62 40 93 
8 63 -38 -74 -46 73 
30 -96 -99 -85 -58 22 
-61 -90 3 -52 -17 -90 
23 -83 37 19 31 -12 
88 76 7 -60 -6 31 
-54 -29 -70 96 -53 -85 
-41 40 -12 -3 56 68 
80 33 33 65 -35 77 
-97 -69 -71 30 -13 79 
-99 31 -9 -16 -27 4 
-21 26 8 97 -54 19 
-75 -8 -40 -36 44 17 
-21 14 58 73 -68 1 
-65 19 53 79 -93 32 
24 -37 -81 -23 55 -18 
3 -40 -25 -89 17 39 
94 64 84 -33 -12 7 
23 42 -77 -4 -73 82 
22 -68 11 -9 89 -68 
63 -50 89 -82 -96 -11 
74 -92 -25 -64 40 -22 
-53 56 10 -48 -47 91 
38 71 47 -7 -25 -87 
72 64 58 -50 -95 -30 
6 -1 71 22 91 -23 
-12 97 -32 -85 -46 -49 
-97 -100 11 -6 -56 -65 
83 -95 -5 77 77 -56 
-63 -20 -95 43 69 -98 
-23 -42 -19 -80 -92 78 
-86 91 -43 -80 97 -22 
45 29 11 48 68 -66 
-79 -8 -55 61 -50 -86 
-66 53 87 -52 -41 -15 
47 -16 -16 -58 -78 -51 
-18 22 -38 57 -10 -72 
68 -100 34 42 28 -3 
29 -42 56 -63 8 98 
-3 -40 -72 -7 3 29 
58 0 22 -46 40 82 
-17 -20 -46 -47 89 -77 
32 85 41 -89 -13 99 
-63 17 -79 76 21 8 
93 20 100 29 -86 -81 
21 -20 -96 -48 -51 37 
16 24 -48 -60 -49 -94 
10 -88 -23 18 -28 66 
74 -22 -63 -26 18 25 
64 74 -69 88 43 -81 
11 40 -68 97 75 54 
-35 83 35 -7 100 67 
-58 33 80 86 75 75 
-83 55 96 79 -85 -97 
5 40 97 -55 19 -48 
0 33 -55 -69 -10 32 
74 -53 -63 54 20 54 
-79 67 56 44 -56 21 
-49 -35 17 -74 -66 -76 
-34 -86 35 8 95 -34 
-36 -15 47 6 29 -21 
0 -98 -32 -24 87 82 
33 94 -17 -17 1 -25 
-39 -23 -77 65 -49 52 
69 -98 -89 79 26 22 
-81 -47 -94 -50 3 54 
5 51 63 84 3 -25 
93 60 -82 -85 -26 29 
11 67 89 -11 57 -15 
8 -62 44 -91 41 0 
16 88 78 81 -50 -99 
66 -87 -71 79 -59 -16 
54 -64 -27 -12 18 79 
48 47 -96 -29 65 12 
68 8 -16 -59 63 -38 
44 -18 -77 52 -41 85 
-7 22 2 -74 17 66 
-57 18 26 -40 -81 -42 
-49 -8 77 6 77 -93 
18 -27 -53 -23 99 -34 
34 -45 -100 -68 56 -78 
-83 80 86 -82 10 -40 
-77 -13 86 -31 12 -77 
96 14 58 72 67 -37 
-78 -25 98 -39 -72 -13 
18 13 0 -61 -53 -22 
15 -52 -21 58 90 20 
-2 -40 -38 94 -58 30 
-60 -23 -63 11 10 -42 
76 -66 -5 -46 42 -94 
-91 -12 87 69 -70 -21 
39 -94 -95 -54 -85 18 
99 88 -58 -43 95 93 
63 -81 -66 -94 49 -22 
-80 100 5 17 -78 43 
0 -62 -54 36 45 -84 
-31 90 16 -6 -81 -57 
-39 81 -83 100 60 -65 
-1 -61 -27 -21 17 52 
98 -90 -62 15 -67 18 
-13 -67 -43 96 31 -33 
-32 -4 -82 -41 84 97 
74 34 23 46 7 54 
-99 27 -98 -62 5 62 
-98 -23 34 85 -24 12 
-49 -71 -39 53 -42 -28 
57 37 -8 7 -59 -36 
-65 -38 -58 57 9 16 
80 1 38 -57 48 -63 
63 6 52 19 -49 40 
-97 -57 38 46 -72 85 
91 14 23 20 86 -75 
42 -1 2 36 46 51 
-94 -71 -7 -26 -78 87 
-34 69 -50 48 -11 72 
68 -40 -22 71 -37 11 
-89 83 31 50 -58 -38 
-90 -43 33 -73 57 96 
4 35 -75 41 1 -69 
12 -78 -78 -6 -60 58 
66 -32 -45 -99 -27 -55 
75 96 -4 -38 21 52 
-83 48 66 -53 -45 98 
-17 -80 -23 30 -83 22 
-43 -71 -77 18 11 -33 
-48 48 2 -32 65 -64 
-23 -66 -49 74 69 55 
-68 -45 -94 -48 61 73 
69 -45 -15 -94 -65 96 
82 -95 56 64 21 -7 
56 48 50 -11 31 -6 
-94 -43 -49 85 -45 -22 
14 59 18 11 91 -66 
43 -19 -53 8 -14 -41 
-17 -43 66 5 -72 40 
-87 37 83 93 -47 87 
16 -29 -71 63 -34 -30 
47 -16 -36 65 95 -36 
-77 28 23 44 78 2 
13 12 -29 -62 58 -46 
70 55 59 -95 66 96 
-76 -87 17 -64 41 -24 
84 69 -29 -75 -26 -78 
31 30 -50 -58 72 68 
-27 -72 29 -55 72 -98 
-53 67 17 23 27 76 
89 -25 81 -6 -63 -5 
-34 -55 -64 -56 -37 -61 
2 -66 87 5 -73 -41 
18 5 -84 -50 -22 34 
54 14 27 77 -6 69 
41 -4 -99 64 -10 73 
22 -90 13 12 -44 30 
40 -10 30 38 -40 35 
-52 -28 32 -94 11 -66 
-13 -89 55 -99 53 -14 
-70 -61 57 -79 -20 -6 
-52 76 -61 -12 51 -52 
-36 -65 39 2 -45 -70 
27 16 -93 4 74 -92 
-49 77 -18 -45 15 97 
-45 -6 41 34 6 -48 
26 -9 -76 -4 -59 -66 
-44 -29 92 12 94 -35 
-81 28 -35 -97 -66 2 
81 -87 -50 -69 -63 28 
88 -95 15 -51 43 -54 
54 87 82 89 -78 -38 
8 46 -67 -82 82 93 
35 54 23 -29 6 17 
48 -74 84 -47 19 -81 
-12 61 -71 60 67 39 
6 36 84 47 2 38 
18 -33 -50 4 48 29 
-62 -87 -2 -35 81 -48 
32 19 40 71 20 12 
64 78 -99 75 95 -38 
77 41 60 -5 -19 -23 
-86 34 -51 88 66 -13 
86 -32 -39 -28 5 -94 
71 -30 -82 -60 -72 -26 
-4 -17 61 73 -89 -31 
-12 -61 -94 2 -81 -3 
29 -46 -72 -66 -86 56 
3 12 37 0 -25 23 
-99 -81 87 75 -33 -79 
-8 -82 37 42 -83 2 
-20 -29 36 -32 62 2 
-91 -22 -66 -77 70 49 
62 -37 86 27 88 70 
82 2 -48 -1 -61 57 
29 62 -48 9 88 -9 
35 -14 -44 69 -77 -23 
-85 -56 43 68 94 -77 
68 -36 -38 32 34 12 
50 -98 -98 -84 6 -56 
78 -29 83 63 22 7 
79 85 72 45 -6 98 
95 -56 -37 -67 34 -45 
-58 17 -10 -91 87 -46 
-56 -13 -65 -5 25 -52 
-2 -31 -45 41 86 -96 
-12 73 27 -83 -10 -51 
-48 -42 41 -68 -45 69 
-7 -53 -38 93 -87 -5 
95 -19 32 76 21 -14 
-58 25 96 14 8 -37 
-38 49 -45 -11 -8 -74 
-99 3 86 55 -67 70 
-44 -10 96 -16 20 -72 
-20 -47 -78 24 2 76 
71 -60 -38 5 0 7 
28 69 -56 82 92 -69 
67 18 -97 -67 -50 -47 
72 -94 73 -30 95 29 
-35 -87 55 23 -73 52 
61 -49 12 -25 58 -84 
14 -18 -39 -96 -8 -61 
48 -96 -54 34 -81 -51 
40 82 53 88 15 -16 
22 -55 82 72 28 -57 
-41 -51 16 15 -11 77 
13 -98 -26 -21 -16 59 
5 94 7 66 53 -57 
-61 64 -26 -100 16 29 
-96 -71 -86 -78 52 55 
15 -54 4 -27 82 -67 
34 -50 28 47 -5 -98 
77 60 96 -59 -37 79 
-45 -13 28 51 -59 -7 
94 53 8 -59 64 100 
-21 -6 71 14 -27 74 
53 11 -20 -69 -88 0 
45 93 71 -20 17 -1 
33 41 -82 18 -54 60 
62 -72 -61 11 -56 -80 
19 59 78 37 -92 -85 
37 26 40 35 9 -97 
52 13 -22 4 74 -83 
72 -28 -25 -13 74 -87 
-80 -88 -90 -41 -69 49 
42 60 46 -53 75 -39 
-100 16 -84 -83 -100 -88 
7 48 -94 66 10 79 
69 21 -87 11 18 -90 
-98 -16 -71 -62 -11 -29 
-37 -15 44 -68 96 44 
0 28 -69 -17 100 27 
59 -14 17 66 14 63 
94 -55 97 -27 8 14 
22 -7 46 55 -46 -81 
9 57 3 -78 23 -72 
-8 0 -85 -37 -30 61 
47 98 -64 24 3 29 
80 77 -65 98 -28 -74 
-34 -40 22 92 -82 23 
-17 -61 -22 39 -98 93 
100 -42 -98 -10 46 63 
12 -39 -17 76 -32 14 
38 88 -36 0 -56 -21 
46 -30 -5 29 58 5 
60 17 52 -76 -26 13 
2 27 47 35 -54 9 
-7 17 0 91 -42 -41 
-69 -76 -70 -70 -90 -82 
61 -36 -44 66 0 -81 
-100 -30 -60 -5 45 59 
-73 22 -95 -86 30 90 
16 -3 -92 -35 0 -5 
-34 71 -99 83 5 65 
24 71 -85 22 21 97 
-52 79 -79 -70 -82 85 
-23 -70 -97 -21 0 -50 
-81 65 -20 -97 -22 32 
-11 94 26 78 69 -88 
77 17 76 53 19 -39 
11 14 -71 65 26 -98 
-64 -75 -38 -49 65 86 
22 -68 97 95 69 -21 
-21 2 -11 -35 70 -89 
-98 77 5 -76 -100 -10 
54 89 22 53 -88 -65 
-23 -33 -29 -67 -61 -36 
47 33 45 -40 -47 8 
55 61 92 22 -36 54 
29 10 -84 -27 -95 69 
18 -25 -86 9 -2 -17 
46 53 48 -5 -6 -81 
68 -91 24 11 -17 42 
-1 -68 -2 -88 -27 59 
-23 -12 50 23 42 66 
31 -28 -41 -52 22 -23 
-35 51 100 -85 -95 -89 
48 46 31 -96 43 -36 
28 -30 67 84 6 94 
-23 -54 28 -3 -86 91 
-82 -47 86 -61 -56 -81 
-81 -94 1 -7 27 95 
52 76 28 -55 -32 63 
-95 -51 -16 -100 -48 34 
-85 -23 -93 -36 -4 44 
42 -95 -49 -62 8 -77 
-55 -71 -59 -87 -68 -77 
-62 -23 42 27 -5 32 
-9 91 83 -17 -20 -46 
-73 6 -6 92 39 77 
1 -33 10 55 69 60 
27 0 -37 -84 -60 80 
25 -3 -75 -31 -25 -19 
-49 -2 30 -46 -63 46 
91 89 44 12 -71 -22 
-35 -27 -57 -6 -33 32 
-49 89 56 56 71 87 
-9 -13 39 56 -57 38 
-96 -2 -63 -67 -96 -96 
74 -73 -4 -6 -13 -59 
-4 -43 80 43 95 90 
88 -72 25 77 -47 -29 
-77 -11 25 -33 -43 27 
-38 81 -96 78 46 60 
-95 84 -18 -35 82 71 
98 80 -65 -14 -38 -71 
-24 15 -13 -93 82 -84 
-69 -68 -85 93 33 81 
67 6 35 -30 -34 16 
-34 60 -15 66 54 90 
64 -28 97 53 -26 -45 
-56 86 -8 2 64 -25 
54 -16 -14 4 -67 26 
100 17 84 -85 -31 -71 
-65 90 -16 -94 39 -32 
79 28 -93 -47 -89 48 
90 84 78 98 43 -62 
-66 -34 52 12 -83 72 
84 -97 -26 -98 16 87 
-68 31 96 24 10 32 
94 19 -65 68 99 96 
41 -76 90 72 -46 14 
-10 47 93 -27 -49 -69 
-15 91 -87 -85 99 -22 
-6 2 7 55 -38 53 
34 90 34 59 53 -36 
63 11 41 64 -46 63 
14 -84 75 5 -85 72 
-47 -6 -90 -81 14 -85 
31 -95 -56 -27 -30 -33 
65 -91 19 -72 -48 25 
-63 -17 61 -64 2 61 
39 87 26 51 33 30 
-57 -17 60 -94 79 67 
-25 -70 38 52 38 -13 
-81 -27 70 -4 -69 35 
85 -12 -26 -69 29 -48 
-96 -99 -7 -6 79 13 
-49 -55 -72 24 -42 -82 
-95 51 -68 76 65 99 
-1 70 19 -40 54 -43 
51 -63 -13 -19 -35 -89 
-90 -57 -79 -51 -29 -19 
97 76 -73 -28 83 -89 
59 -90 -94 -18 -62 15 
15 -45 16 -36 20 -59 
-59 89 -65 -3 59 -52 
-69 -80 29 65 31 16 
52 -62 -84 -4 52 -60 
-82 -52 41 -29 29 -95 
75 -53 56 -29 -75 94 
71 -57 18 6 92 34 
-29 75 63 87 -43 62 
39 81 4 49 -88 93 
6 -71 -38 -92 -22 77 
13 91 97 -62 -53 -85 
26 53 3 28 67 90 
64 -54 -19 7 23 -28 
-18 -43 96 0 -97 77 
-71 22 -13 38 -11 -14 
-74 -78 36 -78 85 5 
68 -51 -30 97 67 -39 
-14 67 28 59 74 -43 
-16 -69 87 6 39 -37 
-48 88 -94 -82 47 33 
75 79 -77 -16 62 63 
-60 -19 3 -86 -80 27 
-11 -4 21 -85 -87 -19 
-1 7 -30 -27 -31 -98 
-8 -25 92 56 91 55 
31 18 -9 -85 56 76 
65 16 78 -69 34 96 
-18 80 96 69 38 -64 
-4 99 -37 49 -6 8 
-66 -97 63 -58 57 19 
-16 -83 22 -96 49 -39 
21 42 1 -28 66 71 
18 49 4 71 37 -91 
40 -79 83 70 -81 -43 
33 60 51 -68 -4 -4 
21 1 37 57 -66 85 
88 -13 49 67 -35 45 
35 99 -22 -63 71 20 
-45 71 34 60 -9 52 
41 -18 62 13 3 -93 
77 -93 -48 -81 -41 39 
2 71 -2 21 -45 79 
-19 57 -58 69 38 -85 
-18 -13 81 89 89 91 
68 49 25 100 80 11 
100 99 43 28 -34 -97 
3 87 82 -91 -40 -72 
-97 -88 -54 -55 -65 47 
-48 -46 -54 -53 -95 -52 
-47 86 -32 -86 29 -23 
21 -52 -65 61 -99 75 
86 75 -37 -55 -4 82 
82 49 19 -50 62 -67 
77 89 97 94 10 -14 
6 -67 -61 88 43 27 
-76 62 22 -5 64 -14 
-55 -43 -77 45 38 -61 
2 -92 94 55 -11 85 
53 -20 11 60 41 61 
21 -62 -7 -58 -56 36 
-79 7 -79 25 -37 -85 
-70 -28 -9 -5 -45 18 
-35 85 34 34 -40 -83 
-81 96 -83 3 -1 47 
7 16 92 51 -17 41 
-48 -57 37 -21 -36 2 
46 74 21 -56 41 68 
73 -76 90 -55 -99 -91 
29 5 -6 -89 -69 -40 
-56 -18 -62 -11 18 50 
62 42 1 51 -82 -100 
-49 -18 -76 -52 91 41 
-42 69 -47 -1 28 27 
15 -100 -31 -21 -100 42 
-45 77 37 -27 93 0 
9 17 29 9 41 2 
86 70 -47 86 -54 2 
-87 43 -22 72 -56 70 
95 33 -67 34 -50 81 
-29 88 26 24 74 39 
-85 -100 -33 -10 -57 -51 
-61 -30 41 74 -79 15 
18 82 5 -79 -63 21 
81 -15 94 -53 96 12 
-44 97 -58 -99 63 85 
-21 -82 -24 -55 82 -69 
-59 -47 39 -18 52 -92 
-1 -47 16 66 13 -49 
-62 74 24 22 -68 -69 
-86 -58 44 84 43 56 
-29 -22 3 -71 -24 19 
93 -60 3 3 35 -70 
-53 89 -12 11 -55 88 
-81 -26 -27 13 43 -92 
6 27 42 -68 -44 5 
-79 42 41 -74 2 -51 
19 27 39 -98 -62 -70 
66 -38 69 33 3 74 
-36 -50 99 -32 65 67 
-5 -65 30 44 61 -33 
91 12 -100 -99 -77 -37 
78 73 -37 58 -22 6 
19 9 -12 -42 -61 49 
-57 -2 -69 -43 -9 68 
75 80 18 -72 36 44 
-85 -13 -84 -98 97 48 
88 -9 8 -99 100 12 
20 28 2 -45 15 19 
-21 86 -40 -21 -100 4 
-30 -68 4 -100 18 26 
-95 47 -65 -40 9 -52 
-38 87 52 6 -35 88 
-45 -37 2 81 58 36 
63 -51 76 75 -89 8 
77 -18 84 67 61 -33 
-20 94 8 21 45 -38 
-39 -91 56 -5 -73 46 
-98 -41 -73 71 6 72 
-60 44 -26 48 -42 -18 
-90 77 57 -16 -95 -4 
48 -61 49 -49 -52 59 
-96 55 81 -86 -37 -96 
-75 -32 58 -80 7 -17 
-8 -20 99 -30 -86 -98 
-35 -33 -17 76 41 -25 
-48 76 -31 -18 70 -36 
87 -12 -76 -77 -20 45 
-65 57 32 -23 -55 46 
-81 -79 28 -34 -49 -67 
-87 53 -15 89 -8 96 
66 -26 -5 37 -14 11 
-98 -50 61 -69 92 1 
-38 94 88 81 31 11 
-58 -89 12 -47 -37 81 
42 70 -24 19 -54 42 
11 38 -41 -4 26 55 
-82 19 -94 -21 -1 -79 
29 -14 -72 -19 -55 38 
91 75 -2 -45 35 69 
-66 -21 -54 11 -42 -95 
-27 -2 -68 100 -10 86 
46 60 -99 22 -2 -9 
-82 64 -22 -88 78 34 
-75 9 64 -20 -89 53 
37 50 65 -33 58 -20 
27 100 -14 25 54 48 
47 95 17 -42 -26 91 
-36 52 40 48 -79 -40 
-80 -75 -19 -50 41 -55 
75 -18 -58 -64 -86 50 
12 13 73 -67 12 29 
93 -30 38 8 -17 -35 
-39 -7 -90 21 -48 21 
-91 -81 -97 -36 -41 -59 
48 27 11 98 96 44 
29 -100 95 7 65 -52 
51 -29 -39 34 54 -28 
-58 -85 -58 -37 -11 44 
-9 -25 -24 -93 59 93 
-18 38 17 61 76 -84 
-72 11 56 -78 51 20 
-56 -86 53 -90 93 26 
-88 -63 -58 74 -90 98 
14 80 19 41 -29 -26 
99 -62 -20 27 -41 -56 
-61 17 9 83 -67 31 
-47 -64 14 -95 99 24 
7 -85 30 11 -82 54 
65 -88 11 86 -92 -82 
4 86 51 91 48 38 
68 44 -78 76 10 -27 
-3 -44 -1 52 -86 86 
87 11 9 14 72 56 
-63 -61 -84 88 -8 31 
-90 48 62 16 -37 -2 
25 19 69 2 78 1 
78 -29 92 43 81 100 
71 -38 2 10 23 -99 
78 66 49 -33 79 -64 
46 77 -49 6 -20 -69 
35 27 24 89 40 1 
-83 -88 81 45 5 94 
-9 93 -28 -48 1 -80 
-30 -47 -30 -81 67 -11 
-47 9 13 8 49 -74 
-91 93 9 -32 94 -23 
-81 -12 2 3 11 -43 
-62 39 76 -46 -82 -69 
-21 57 38 98 51 77 
14 -9 89 -63 -7 41 
29 74 60 91 -11 -81 
-65 90 -40 -4 79 -38 
29 8 87 76 -36 61 
31 76 91 78 42 -54 
66 -98 57 3 -2 78 
-9 -13 37 62 -54 -61 
-10 10 -75 24 -71 74 
-75 -72 34 -14 -64 -97 
-95 -96 -16 -9 79 -60 
65 -12 -55 18 -99 -49 
-74 -88 92 5 34 60 
35 -68 70 95 36 4 
-32 60 33 -65 26 -74 
-75 80 54 -51 -11 36 
-93 63 -61 85 -83 -27 
10 -46 -46 62 -59 -13 
39 -40 47 -20 -51 -73 
-90 -24 31 69 89 -3 
-59 83 -62 -30 69 15 
80 78 38 27 66 -9 
-62 76 -24 -69 -62 42 
95 58 -57 15 1 98 
73 13 33 -99 -92 -85 
-11 76 -53 89 -71 79 
12 40 8 -83 95 90 
-18 -40 -70 -98 81 34 
-61 -67 -39 -94 -19 16 
-85 83 -12 -73 -8 95 
77 -7 -27 -31 -31 57 
-18 99 -15 59 73 -96 
-30 -64 19 -91 77 34 
-60 9 10 -7 -72 -70 
78 76 -41 71 57 -4 
84 -68 68 -30 52 -10 
7 74 -61 -95 47 -86 
-31 -46 29 47 65 8 
-69 -90 22 26 74 -93 
-65 95 -34 52 -60 83 
73 -98 50 38 -93 -69 
-73 -43 69 80 -73 -6 
0 -80 -100 -56 -17 31 
-18 -52 -13 62 -11 46 
15 19 83 -89 -85 81 
60 -77 50 21 -83 -61 
68 -28 33 9 22 -87 
-45 80 -86 -83 -5 -26 
17 19 74 55 1 -49 
-60 -61 -59 83 -30 -86 
30 -50 -67 87 -36 24 
77 1 -26 27 -36 -24 
-2 37 -89 -12 48 36 
-91 -84 -4 40 -4 -16 
97 -5 74 41 -94 89 
-47 51 25 43 74 81 
-59 -6 14 -55 50 80 
73 41 -28 18 -3 15 
-53 -96 48 -35 56 -19 
-90 -61 -85 73 -81 43 
-44 -19 -47 65 -12 77 
64 -61 100 79 42 39 
43 -18 38 83 -98 -93 
60 23 -15 48 -50 -29 
-19 99 75 58 -25 89 
26 14 -38 -68 -9 13 
-23 -68 70 25 -12 94 
-35 -56 -61 -89 15 76 
-99 20 -93 -71 -96 24 
16 52 70 -84 51 4 
-75 94 -82 79 -67 -76 
-31 -26 45 -4 -81 88 
-50 21 57 -26 -29 72 
99 -12 14 -10 89 79 
-59 62 63 82 83 45 
56 -20 -87 -56 68 26 
-70 77 -46 -75 54 85 
-52 -29 73 -61 -51 100 
31 -1 91 -41 55 81 
75 -71 6 82 -99 -82 
22 3 -41 1 12 32 
0 81 -84 60 -86 63 
1 81 -61 63 -17 16 
-69 16 -54 6 -27 -98 
-89 80 -67 96 87 -57 
-30 95 88 23 -89 -35 
25 69 66 -53 90 87 
-54 38 15 75 47 -67 
5 4 -50 99 -45 64 
-65 -51 -96 56 71 55 
-1 -39 14 -26 10 -24 
-80 93 -39 73 -53 -41 
-84 -89 -90 -91 5 -53 
-59 59 63 1 -43 28 
38 6 14 52 51 -2 
-45 100 -43 -71 53 89 
-13 -38 34 65 -67 -73 
-48 -21 26 -85 74 -95 
60 9 -23 51 -76 -52 
24 -80 -95 60 -14 29 
7 63 58 99 14 57 
45 -27 20 8 7 -84 
83 -25 -79 90 9 -2 
-16 50 -73 -40 81 95 
-62 42 -67 -86 -36 54 
-38 0 51 -89 -52 4 
-63 10 90 -15 -44 -3 
-31 -30 -3 -13 6 96 
-1 -18 58 -6 -26 -38 
-69 17 -15 -77 -52 55 
-28 89 -49 -24 -60 9 
91 -70 -30 -21 -20 76 
9 54 -18 -97 -9 60 
-18 -95 87 -8 16 -22 
4 -76 57 18 -94 15 
69 40 57 39 7 -2 
2 57 -61 53 88 91 
-35 -78 31 -17 99 43 
-8 -83 81 43 50 52 
-29 7 -82 -49 78 1 
22 36 -76 7 47 -84 
3 75 -84 71 79 -64 
6 96 -57 5 64 -42 
-44 -30 34 -67 3 21 
-92 64 -70 -4 -1 -56 
-68 100 14 -54 64 -64 
61 89 24 97 -56 83 
16 41 48 88 -41 -61 
60 -86 -81 23 64 -5 
96 13 49 -92 95 94 
-66 -93 -50 78 34 -73 
-70 50 -54 68 24 -1 
8 99 72 66 -89 61 
-60 -62 -78 45 96 11 
-56 -100 -8 50 58 -21 
-99 26 -39 -19 -100 24 
-51 -3 -14 30 -54 54 
91 -52 94 53 12 -90 
60 -87 48 -74 -90 10 
30 -58 -84 -34 44 -18 
71 31 -17 -13 -24 -95 
92 93 32 -62 23 -7 
94 -45 -55 77 -64 69 
20 -9 -82 69 49 32 
-6 27 -67 -24 -3 -34 
47 82 93 -29 -70 -44 
51 71 92 -33 59 -96 
-19 35 40 95 10 -94 
-65 90 -5 40 -86 35 
-22 -61 38 -89 -20 80 
-3 84 -40 -22 -66 -56 
34 19 -89 50 -10 30 
-97 -21 -64 35 -63 34 
-62 11 7 30 33 34 
-26 48 -34 -40 -40 72 
41 10 -67 70 40 16 
94 -86 -23 -96 8 88 
-60 -49 26 -87 -74 -14 
86 34 54 -5 70 -98 
-1 -5 -62 -92 48 72 
28 74 -30 79 -93 81 
-94 -79 -5 27 90 -54 
-11 -57 -78 19 24 -93 
49 -41 -82 -4 -95 -84 
-8 92 -73 -6 28 14 
61 -35 -7 35 -38 66 
-19 -83 92 91 -12 -51 
-18 -3 -56 -12 6 43 
3 41 -80 23 -82 60 
-41 -48 -41 89 83 -82 
-68 65 47 44 -17 -96 
77 -62 -81 -9 74 95 
-13 8 34 49 -96 12 
-50 16 100 76 39 29 
86 -24 94 40 87 96 
51 84 -82 22 -81 7 
92 -44 79 -14 -1 93 
33 50 58 -96 -74 -97 
63 -69 21 56 -91 2 
97 97 68 81 47 -47 
-49 -38 -77 25 -71 -99 
-49 15 -31 8 -61 46 
-62 -84 -24 -99 29 -98 
23 31 21 -4 26 71 
88 35 96 70 -9 -8 
-96 54 50 -84 -35 84 
21 -11 -18 -74 72 65 
32 -28 -67 -55 99 -10 
-41 -42 -93 54 30 -24 
93 -78 33 25 -73 9 
79 -35 13 -16 -19 -36 
-40 25 -42 -3 3 -63 
-26 39 50 31 62 96 
-87 52 85 -21 9 4 
-34 -87 96 -93 7 32 
-84 94 56 29 -58 9 
30 -47 92 -59 46 -72 
16 -82 -90 -86 -9 68 
-7 73 -12 -82 -10 86 
-22 67 62 -31 -65 46 
-49 -7 53 -22 86 14 
93 -55 -92 76 51 27 
-36 97 67 60 75 97 
76 -13 -5 46 -20 -66 
96 16 31 -94 77 -100 
7 -6 92 61 0 76 
56 -35 -7 34 13 4 
40 -87 -7 -89 -64 -58 
-8 7 -60 51 -43 -10 
82 -98 -83 -79 -71 37 
-32 -28 -55 37 -15 35 
7 97 -20 33 -57 -49 
-50 -41 -27 57 -78 -59 
-38 -87 -64 -67 96 87 
49 66 -18 42 0 19 
-82 -92 4 77 -99 -32 
-42 16 -3 -54 -59 39 
31 41 92 77 56 -93 
-50 -16 68 -90 -37 80 
-48 81 34 46 64 -66 
35 -84 -19 66 15 58 
-1 79 35 1 -72 -87 
-63 13 -16 -55 16 -69 
73 44 51 -33 27 76 
-10 -93 9 -42 75 74 
13 -12 95 26 90 -99 
-51 -81 6 -19 -56 -92 
25 -78 78 -73 23 15 
51 79 1 59 -35 55 
-49 32 -100 -20 -4 77 
-60 -4 88 -85 -90 -65 
46 -89 99 -87 68 -53 
93 89 -50 -56 -30 -16 
-27 -54 -39 -55 -83 -71 
-52 73 -43 11 -37 -97 
-28 43 11 -41 58 24 
94 54 29 -20 -78 -19 
-52 66 -19 82 80 -49 
-47 21 4 -20 57 53 

Kumpulan titik terdekat :
20 28 2 -45 15 19 
-1 -39 14 -26 10 -24 
22 3 -41 1 12 32 
3 12 37 0 -25 23 
9 17 29 9 41 2 

Target Point :
1 2 3 4 5 6 
